[gd_scene format=3 uid="uid://d3hlwsb4k6iry"]

[ext_resource type="PackedScene" uid="uid://maaqtkqiti6c" path="res://3d assets/scenes/arbre_1.tscn" id="1_yj3w5"]
[ext_resource type="PackedScene" uid="uid://bgx3ftw2h63m0" path="res://3d assets/scenes/arbre_2.tscn" id="2_4qdap"]
[ext_resource type="PackedScene" uid="uid://b384va55ngmm6" path="res://3d assets/scenes/arbre_3.tscn" id="3_ja24g"]
[ext_resource type="PackedScene" uid="uid://ioj7ccd40pxk" path="res://3d assets/scenes/buisson_1.tscn" id="4_ja24g"]
[ext_resource type="PackedScene" uid="uid://hoga2hflv7ks" path="res://3d assets/scenes/buisson_2.tscn" id="5_c0xvo"]

[node name="wall" type="Node3D" unique_id=1098000650]

[node name="arbre1" parent="." unique_id=1989823110 instance=ExtResource("1_yj3w5")]
transform = Transform3D(0.8401031, 0, -0.5424268, 0, 1, 0, 0.5424268, 0, 0.8401031, -47.14843, 0, 3.1306162)

[node name="arbre2" parent="." unique_id=839810316 instance=ExtResource("2_4qdap")]
transform = Transform3D(0.84380376, 0, 0.53665185, 0, 1, 0, -0.53665185, 0, 0.84380376, -45.97491, 1.9073486e-06, -0.49876404)

[node name="arbre3" parent="." unique_id=2121182266 instance=ExtResource("3_ja24g")]
transform = Transform3D(0.93333626, 0, -0.35900337, 0, 1, 0, 0.35900337, 0, 0.93333626, -48.29715, 0, -2.7833662)

[node name="arbre4" parent="." unique_id=1382066115 instance=ExtResource("1_yj3w5")]
transform = Transform3D(-0.9426298, 0, -0.3338398, 0, 1, 0, 0.3338398, 0, -0.9426298, -47.457775, 0, 6.2396297)

[node name="arbre5" parent="." unique_id=763014901 instance=ExtResource("2_4qdap")]
transform = Transform3D(-0.9426298, 0, -0.3338398, 0, 1, 0, 0.3338398, 0, -0.9426298, -47.579052, 1.9073486e-06, 10.052088)

[node name="arbre6" parent="." unique_id=1231005349 instance=ExtResource("3_ja24g")]
transform = Transform3D(-0.94262975, 0, -0.33384, 0, 1, 0, 0.33384, 0, -0.94262975, -44.714447, 0, 11.603296)

[node name="arbre7" parent="." unique_id=587322397 instance=ExtResource("1_yj3w5")]
transform = Transform3D(-0.79186344, 0, 0.6106982, 0, 1, 0, -0.6106982, 0, -0.79186344, -46.41534, 0, -10.498718)

[node name="arbre8" parent="." unique_id=285724945 instance=ExtResource("2_4qdap")]
transform = Transform3D(-0.88567734, 0, -0.4643012, 0, 1, 0, 0.4643012, 0, -0.88567734, -47.887886, 1.9073486e-06, -6.980034)

[node name="arbre9" parent="." unique_id=655438708 instance=ExtResource("3_ja24g")]
transform = Transform3D(-0.9000907, 0, 0.43570256, 0, 1, 0, -0.43570256, 0, -0.9000907, -45.764572, 0, -4.5094557)

[node name="arbre10" parent="." unique_id=720183396 instance=ExtResource("1_yj3w5")]
transform = Transform3D(0.967219, 0, 0.25394365, 0, 1, 0, -0.25394365, 0, 0.967219, -45.847404, 0, -13.571035)

[node name="arbre11" parent="." unique_id=1548407287 instance=ExtResource("2_4qdap")]
transform = Transform3D(0.967219, 0, 0.2539437, 0, 1, 0, -0.2539437, 0, 0.967219, -45.408127, 1.9073486e-06, -17.360043)

[node name="arbre12" parent="." unique_id=1190060559 instance=ExtResource("3_ja24g")]
transform = Transform3D(0.967219, 0, 0.2539437, 0, 1, 0, -0.2539437, 0, 0.967219, -48.133163, 0, -19.145086)

[node name="arbre13" parent="." unique_id=318752995 instance=ExtResource("1_yj3w5")]
transform = Transform3D(-0.8247386, 0, 0.5655141, 0, 1, 0, -0.5655141, 0, -0.8247386, -45.600754, 0, 23.702253)

[node name="arbre14" parent="." unique_id=573856368 instance=ExtResource("2_4qdap")]
transform = Transform3D(-0.8583604, 0, -0.51304716, 0, 1, 0, 0.51304716, 0, -0.8583604, -46.874462, 1.9073486e-06, 27.2977)

[node name="arbre15" parent="." unique_id=2043871519 instance=ExtResource("3_ja24g")]
transform = Transform3D(-0.9230223, 0, 0.38474646, 0, 1, 0, -0.38474646, 0, -0.9230223, -44.616467, 0, 29.645823)

[node name="arbre16" parent="." unique_id=108326470 instance=ExtResource("1_yj3w5")]
transform = Transform3D(0.9515246, 0, 0.3075726, 0, 1, 0, -0.3075726, 0, 0.9515246, -45.20531, 0, 20.603016)

[node name="arbre17" parent="." unique_id=1759739251 instance=ExtResource("2_4qdap")]
transform = Transform3D(0.9515246, 0, 0.30757266, 0, 1, 0, -0.30757266, 0, 0.9515246, -44.978367, 1.9073486e-06, 16.795387)

[node name="arbre18" parent="." unique_id=1171148767 instance=ExtResource("3_ja24g")]
transform = Transform3D(0.95152456, 0, 0.3075727, 0, 1, 0, -0.3075727, 0, 0.95152456, -47.798855, 0, 15.165341)

[node name="arbre19" parent="." unique_id=84296982 instance=ExtResource("1_yj3w5")]
transform = Transform3D(0.7746245, 0, -0.63242143, 0, 1, 0, 0.63242143, 0, 0.7746245, -46.711502, 0, 37.306023)

[node name="arbre20" parent="." unique_id=1137054390 instance=ExtResource("2_4qdap")]
transform = Transform3D(0.8982118, 0, 0.439563, 0, 1, 0, -0.439563, 0, 0.8982118, -45.14195, 1.9073486e-06, 33.82952)

[node name="arbre21" parent="." unique_id=1917813779 instance=ExtResource("3_ja24g")]
transform = Transform3D(0.8876627, 0, -0.46049425, 0, 1, 0, 0.46049425, 0, 0.8876627, -47.195934, 0, 31.301018)

[node name="arbre22" parent="." unique_id=1674177299 instance=ExtResource("1_yj3w5")]
transform = Transform3D(-0.9738889, 0, -0.22702534, 0, 1, 0, 0.22702534, 0, -0.9738889, -47.36441, 0, 40.36141)

[node name="arbre23" parent="." unique_id=1608837434 instance=ExtResource("2_4qdap")]
transform = Transform3D(-0.9738889, 0, -0.22702534, 0, 1, 0, 0.22702534, 0, -0.9738889, -47.908585, 1.9073486e-06, 44.13678)

[node name="arbre24" parent="." unique_id=921744117 instance=ExtResource("3_ja24g")]
transform = Transform3D(-0.9738889, 0, -0.22702534, 0, 1, 0, 0.22702534, 0, -0.9738889, -45.234093, 0, 45.996696)

[node name="arbre25" parent="." unique_id=22795735 instance=ExtResource("1_yj3w5")]
transform = Transform3D(0.78049594, 0, -0.6251608, 0, 1, 0, 0.6251608, 0, 0.78049594, -47.34133, 0, -29.596199)

[node name="arbre26" parent="." unique_id=1539818120 instance=ExtResource("2_4qdap")]
transform = Transform3D(0.8940682, 0, 0.44793093, 0, 1, 0, -0.44793093, 0, 0.8940682, -45.804306, 1.9073486e-06, -33.08721)

[node name="arbre27" parent="." unique_id=1750897877 instance=ExtResource("3_ja24g")]
transform = Transform3D(0.8919239, 0, -0.45218557, 0, 1, 0, 0.45218557, 0, 0.8919239, -47.881813, 0, -35.59643)

[node name="arbre28" parent="." unique_id=1808838512 instance=ExtResource("1_yj3w5")]
transform = Transform3D(-0.97172654, 0, -0.23610915, 0, 1, 0, 0.23610915, 0, -0.97172654, -47.965687, 0, -26.534859)

[node name="arbre29" parent="." unique_id=442316622 instance=ExtResource("2_4qdap")]
transform = Transform3D(-0.97172654, 0, -0.23610915, 0, 1, 0, 0.23610915, 0, -0.97172654, -48.47458, 1.9073486e-06, -22.75457)

[node name="arbre30" parent="." unique_id=670995538 instance=ExtResource("3_ja24g")]
transform = Transform3D(-0.97172654, 0, -0.23610915, 0, 1, 0, 0.23610915, 0, -0.97172654, -45.78284, 0, -20.919703)

[node name="arbre31" parent="." unique_id=1746899144 instance=ExtResource("1_yj3w5")]
transform = Transform3D(-0.7255546, 0, 0.6881646, 0, 1, 0, -0.6881646, 0, -0.7255546, -45.22407, 0, -43.08003)

[node name="arbre32" parent="." unique_id=344143785 instance=ExtResource("2_4qdap")]
transform = Transform3D(-0.9283561, 0, -0.37169197, 0, 1, 0, 0.37169197, 0, -0.9283561, -47.0473, 1.9073486e-06, -39.72959)

[node name="arbre33" parent="." unique_id=1450300933 instance=ExtResource("3_ja24g")]
transform = Transform3D(-0.85104036, 0, 0.52510035, 0, 1, 0, -0.52510035, 0, -0.85104036, -45.186623, 0, -37.05563)

[node name="arbre34" parent="." unique_id=1018184210 instance=ExtResource("1_yj3w5")]
transform = Transform3D(0.9880515, 0, 0.1541242, 0, 1, 0, -0.1541242, 0, 0.9880515, -44.346214, 0, -46.078533)

[node name="arbre35" parent="." unique_id=845516559 instance=ExtResource("2_4qdap")]
transform = Transform3D(0.9880515, 0, 0.15412432, 0, 1, 0, -0.15412432, 0, 0.9880515, -43.52336, 1.9073486e-06, -49.80311)

[node name="arbre36" parent="." unique_id=608991707 instance=ExtResource("3_ja24g")]
transform = Transform3D(0.9880515, 0, 0.1541243, 0, 1, 0, -0.1541243, 0, 0.9880515, -46.05245, 0, -51.856377)

[node name="buisson1" parent="." unique_id=1297168225 instance=ExtResource("4_ja24g")]
transform = Transform3D(-0.1466011, 0, 0.9891957, 0, 1, 0, -0.9891957, 0, -0.1466011, -42.491623, 0, 8.477578)

[node name="buisson2" parent="." unique_id=1323870165 instance=ExtResource("5_c0xvo")]
transform = Transform3D(-0.2391945, 0, 0.9709717, 0, 1, 0, -0.9709717, 0, -0.2391945, -42.307003, 0, 28.43972)

[node name="buisson3" parent="." unique_id=1805440928 instance=ExtResource("4_ja24g")]
transform = Transform3D(-0.12399997, 0, 0.9922822, 0, 1, 0, -0.9922822, 0, -0.12399997, -41.75681, 0, 19.578949)

[node name="buisson4" parent="." unique_id=1726094350 instance=ExtResource("5_c0xvo")]
transform = Transform3D(0.05669266, 0, 0.9983917, 0, 1, 0, -0.9983917, 0, 0.05669266, -43.04182, 0, 39.17165)

[node name="buisson5" parent="." unique_id=1147567168 instance=ExtResource("4_ja24g")]
transform = Transform3D(0.19745201, 0, -0.9803125, 0, 1, 0, 0.9803125, 0, 0.19745201, -43.00728, -9.536743e-07, -17.090208)

[node name="buisson6" parent="." unique_id=744505463 instance=ExtResource("5_c0xvo")]
transform = Transform3D(0.020680698, 0, -0.99978614, 0, 1, 0, 0.99978614, 0, 0.020680698, -43.097652, 0, 1.4878595)

[node name="buisson7" parent="." unique_id=1157379898 instance=ExtResource("4_ja24g")]
transform = Transform3D(-0.0963842, 0, -0.9953442, 0, 1, 0, 0.9953442, 0, -0.0963842, -43.23025, 0, -7.7594857)

[node name="buisson9" parent="." unique_id=767737208 instance=ExtResource("4_ja24g")]
transform = Transform3D(-0.0963842, 0, -0.9953442, 0, 1, 0, 0.9953442, 0, -0.0963842, -41.68054, 0, -45.677177)

[node name="buisson10" parent="." unique_id=1302775760 instance=ExtResource("4_ja24g")]
transform = Transform3D(-0.034411117, 0, 0.99940777, 0, 1, 0, -0.99940777, 0, -0.034411117, -43.511112, 0, -33.695717)

[node name="buisson8" parent="." unique_id=433379500 instance=ExtResource("5_c0xvo")]
transform = Transform3D(-0.12983406, 0, -0.9915357, 0, 1, 0, 0.9915357, 0, -0.12983406, -43.65358, 0, -26.000973)
