[gd_scene format=3 uid="uid://d3hlwsb4k6iry"]

[ext_resource type="PackedScene" uid="uid://maaqtkqiti6c" path="res://3d assets/scenes/arbre_1.tscn" id="1_yj3w5"]
[ext_resource type="PackedScene" uid="uid://bgx3ftw2h63m0" path="res://3d assets/scenes/arbre_2.tscn" id="2_4qdap"]
[ext_resource type="PackedScene" uid="uid://b384va55ngmm6" path="res://3d assets/scenes/arbre_3.tscn" id="3_ja24g"]
[ext_resource type="PackedScene" uid="uid://ioj7ccd40pxk" path="res://3d assets/scenes/buisson_1.tscn" id="4_ja24g"]
[ext_resource type="PackedScene" uid="uid://hoga2hflv7ks" path="res://3d assets/scenes/buisson_2.tscn" id="5_c0xvo"]
[ext_resource type="PackedScene" uid="uid://k0eao7l2cn2o" path="res://3d assets/scenes/flower.tscn" id="6_c0xvo"]
[ext_resource type="PackedScene" uid="uid://dpjx4wr503mcr" path="res://3d assets/scenes/flowerhb.tscn" id="7_jnurr"]

[node name="wall" type="Node3D" unique_id=1098000650]

[node name="arbre1" parent="." unique_id=1989823110 instance=ExtResource("1_yj3w5")]
transform = Transform3D(0.8401031, 0, -0.5424268, 0, 1, 0, 0.5424268, 0, 0.8401031, -47.14843, 0, 18.456192)

[node name="arbre2" parent="." unique_id=839810316 instance=ExtResource("2_4qdap")]
transform = Transform3D(0.84380376, 0, 0.53665185, 0, 1, 0, -0.53665185, 0, 0.84380376, -45.97491, 1.9073486e-06, 14.826813)

[node name="arbre3" parent="." unique_id=2121182266 instance=ExtResource("3_ja24g")]
transform = Transform3D(0.93333626, 0, -0.35900337, 0, 1, 0, 0.35900337, 0, 0.93333626, -48.29715, 0, 12.542211)

[node name="arbre4" parent="." unique_id=1382066115 instance=ExtResource("1_yj3w5")]
transform = Transform3D(-0.9426298, 0, -0.3338398, 0, 1, 0, 0.3338398, 0, -0.9426298, -47.457775, 0, 21.565207)

[node name="arbre5" parent="." unique_id=763014901 instance=ExtResource("2_4qdap")]
transform = Transform3D(-0.9426298, 0, -0.3338398, 0, 1, 0, 0.3338398, 0, -0.9426298, -47.579052, 1.9073486e-06, 25.377665)

[node name="arbre6" parent="." unique_id=1231005349 instance=ExtResource("3_ja24g")]
transform = Transform3D(-0.94262975, 0, -0.33384, 0, 1, 0, 0.33384, 0, -0.94262975, -44.714447, 0, 26.928873)

[node name="arbre7" parent="." unique_id=587322397 instance=ExtResource("1_yj3w5")]
transform = Transform3D(-0.79186344, 0, 0.6106982, 0, 1, 0, -0.6106982, 0, -0.79186344, -46.41534, 0, 4.8268585)

[node name="arbre8" parent="." unique_id=285724945 instance=ExtResource("2_4qdap")]
transform = Transform3D(-0.88567734, 0, -0.4643012, 0, 1, 0, 0.4643012, 0, -0.88567734, -47.887886, 1.9073486e-06, 8.345543)

[node name="arbre9" parent="." unique_id=655438708 instance=ExtResource("3_ja24g")]
transform = Transform3D(-0.9000907, 0, 0.43570256, 0, 1, 0, -0.43570256, 0, -0.9000907, -45.764572, 0, 10.816121)

[node name="arbre10" parent="." unique_id=720183396 instance=ExtResource("1_yj3w5")]
transform = Transform3D(0.967219, 0, 0.25394365, 0, 1, 0, -0.25394365, 0, 0.967219, -45.847404, 0, 1.7545414)

[node name="arbre11" parent="." unique_id=1548407287 instance=ExtResource("2_4qdap")]
transform = Transform3D(0.967219, 0, 0.2539437, 0, 1, 0, -0.2539437, 0, 0.967219, -45.408127, 1.9073486e-06, -2.0344658)

[node name="arbre12" parent="." unique_id=1190060559 instance=ExtResource("3_ja24g")]
transform = Transform3D(0.967219, 0, 0.2539437, 0, 1, 0, -0.2539437, 0, 0.967219, -48.133163, 0, -3.8195095)

[node name="arbre13" parent="." unique_id=318752995 instance=ExtResource("1_yj3w5")]
transform = Transform3D(-0.8247386, 0, 0.5655141, 0, 1, 0, -0.5655141, 0, -0.8247386, -45.600754, 0, 39.027832)

[node name="arbre14" parent="." unique_id=573856368 instance=ExtResource("2_4qdap")]
transform = Transform3D(-0.8583604, 0, -0.51304716, 0, 1, 0, 0.51304716, 0, -0.8583604, -46.874462, 1.9073486e-06, 42.623276)

[node name="arbre15" parent="." unique_id=2043871519 instance=ExtResource("3_ja24g")]
transform = Transform3D(-0.9230223, 0, 0.38474646, 0, 1, 0, -0.38474646, 0, -0.9230223, -44.616467, 0, 44.971397)

[node name="arbre16" parent="." unique_id=108326470 instance=ExtResource("1_yj3w5")]
transform = Transform3D(0.9515246, 0, 0.3075726, 0, 1, 0, -0.3075726, 0, 0.9515246, -45.20531, 0, 35.928593)

[node name="arbre17" parent="." unique_id=1759739251 instance=ExtResource("2_4qdap")]
transform = Transform3D(0.9515246, 0, 0.30757266, 0, 1, 0, -0.30757266, 0, 0.9515246, -44.978367, 1.9073486e-06, 32.120964)

[node name="arbre18" parent="." unique_id=1171148767 instance=ExtResource("3_ja24g")]
transform = Transform3D(0.95152456, 0, 0.3075727, 0, 1, 0, -0.3075727, 0, 0.95152456, -47.798855, 0, 30.490917)

[node name="arbre19" parent="." unique_id=84296982 instance=ExtResource("1_yj3w5")]
transform = Transform3D(0.7746245, 0, -0.63242143, 0, 1, 0, 0.63242143, 0, 0.7746245, -46.711502, 0, 52.6316)

[node name="arbre20" parent="." unique_id=1137054390 instance=ExtResource("2_4qdap")]
transform = Transform3D(0.8982118, 0, 0.439563, 0, 1, 0, -0.439563, 0, 0.8982118, -45.14195, 1.9073486e-06, 49.155098)

[node name="arbre21" parent="." unique_id=1917813779 instance=ExtResource("3_ja24g")]
transform = Transform3D(0.8876627, 0, -0.46049425, 0, 1, 0, 0.46049425, 0, 0.8876627, -47.195934, 0, 46.626595)

[node name="arbre22" parent="." unique_id=1674177299 instance=ExtResource("1_yj3w5")]
transform = Transform3D(-0.9738889, 0, -0.22702534, 0, 1, 0, 0.22702534, 0, -0.9738889, -47.36441, 0, 55.686985)

[node name="arbre23" parent="." unique_id=1608837434 instance=ExtResource("2_4qdap")]
transform = Transform3D(-0.9738889, 0, -0.22702534, 0, 1, 0, 0.22702534, 0, -0.9738889, -47.908585, 1.9073486e-06, 59.462357)

[node name="arbre24" parent="." unique_id=921744117 instance=ExtResource("3_ja24g")]
transform = Transform3D(-0.9738889, 0, -0.22702534, 0, 1, 0, 0.22702534, 0, -0.9738889, -45.234093, 0, 61.322273)

[node name="arbre25" parent="." unique_id=22795735 instance=ExtResource("1_yj3w5")]
transform = Transform3D(0.78049594, 0, -0.6251608, 0, 1, 0, 0.6251608, 0, 0.78049594, -47.34133, 0, -14.270622)

[node name="arbre26" parent="." unique_id=1539818120 instance=ExtResource("2_4qdap")]
transform = Transform3D(0.8940682, 0, 0.44793093, 0, 1, 0, -0.44793093, 0, 0.8940682, -45.804306, 1.9073486e-06, -17.761635)

[node name="arbre27" parent="." unique_id=1750897877 instance=ExtResource("3_ja24g")]
transform = Transform3D(0.8919239, 0, -0.45218557, 0, 1, 0, 0.45218557, 0, 0.8919239, -47.881813, 0, -20.270855)

[node name="arbre28" parent="." unique_id=1808838512 instance=ExtResource("1_yj3w5")]
transform = Transform3D(-0.97172654, 0, -0.23610915, 0, 1, 0, 0.23610915, 0, -0.97172654, -47.965687, 0, -11.209282)

[node name="arbre29" parent="." unique_id=442316622 instance=ExtResource("2_4qdap")]
transform = Transform3D(-0.97172654, 0, -0.23610915, 0, 1, 0, 0.23610915, 0, -0.97172654, -48.47458, 1.9073486e-06, -7.428993)

[node name="arbre30" parent="." unique_id=670995538 instance=ExtResource("3_ja24g")]
transform = Transform3D(-0.97172654, 0, -0.23610915, 0, 1, 0, 0.23610915, 0, -0.97172654, -45.78284, 0, -5.5941257)

[node name="arbre31" parent="." unique_id=1746899144 instance=ExtResource("1_yj3w5")]
transform = Transform3D(-0.7255546, 0, 0.6881646, 0, 1, 0, -0.6881646, 0, -0.7255546, -45.22407, 0, -27.754452)

[node name="arbre32" parent="." unique_id=344143785 instance=ExtResource("2_4qdap")]
transform = Transform3D(-0.9283561, 0, -0.37169197, 0, 1, 0, 0.37169197, 0, -0.9283561, -47.0473, 1.9073486e-06, -24.404015)

[node name="arbre33" parent="." unique_id=1450300933 instance=ExtResource("3_ja24g")]
transform = Transform3D(-0.85104036, 0, 0.52510035, 0, 1, 0, -0.52510035, 0, -0.85104036, -45.186623, 0, -21.730053)

[node name="arbre34" parent="." unique_id=1018184210 instance=ExtResource("1_yj3w5")]
transform = Transform3D(0.9880515, 0, 0.1541242, 0, 1, 0, -0.1541242, 0, 0.9880515, -45.992165, 0, -30.752956)

[node name="arbre35" parent="." unique_id=845516559 instance=ExtResource("2_4qdap")]
transform = Transform3D(0.9880515, 0, 0.15412432, 0, 1, 0, -0.15412432, 0, 0.9880515, -45.16931, 1.9073486e-06, -34.47753)

[node name="arbre36" parent="." unique_id=608991707 instance=ExtResource("3_ja24g")]
transform = Transform3D(0.9880515, 0, 0.1541243, 0, 1, 0, -0.1541243, 0, 0.9880515, -46.05245, 0, -36.5308)

[node name="buisson1" parent="." unique_id=1297168225 instance=ExtResource("4_ja24g")]
transform = Transform3D(-0.1466011, 0, 0.9891957, 0, 1, 0, -0.9891957, 0, -0.1466011, -42.491623, 0, 21.632072)

[node name="buisson2" parent="." unique_id=1323870165 instance=ExtResource("5_c0xvo")]
transform = Transform3D(-0.2391945, 0, 0.9709717, 0, 1, 0, -0.9709717, 0, -0.2391945, -42.307003, 0, 41.594215)

[node name="buisson3" parent="." unique_id=1805440928 instance=ExtResource("4_ja24g")]
transform = Transform3D(-0.12399997, 0, 0.9922822, 0, 1, 0, -0.9922822, 0, -0.12399997, -41.75681, 0, 32.733444)

[node name="buisson4" parent="." unique_id=1726094350 instance=ExtResource("5_c0xvo")]
transform = Transform3D(0.05669266, 0, 0.9983917, 0, 1, 0, -0.9983917, 0, 0.05669266, -43.04182, 0, 52.326145)

[node name="buisson5" parent="." unique_id=1147567168 instance=ExtResource("4_ja24g")]
transform = Transform3D(0.19745201, 0, -0.9803125, 0, 1, 0, 0.9803125, 0, 0.19745201, -43.00728, -9.536743e-07, -3.9357128)

[node name="buisson6" parent="." unique_id=744505463 instance=ExtResource("5_c0xvo")]
transform = Transform3D(0.020680698, 0, -0.99978614, 0, 1, 0, 0.99978614, 0, 0.020680698, -43.097652, 0, 14.642355)

[node name="buisson7" parent="." unique_id=1157379898 instance=ExtResource("4_ja24g")]
transform = Transform3D(-0.0963842, 0, -0.9953442, 0, 1, 0, 0.9953442, 0, -0.0963842, -43.23025, 0, 5.3950095)

[node name="buisson9" parent="." unique_id=767737208 instance=ExtResource("4_ja24g")]
transform = Transform3D(-0.0963842, 0, -0.9953442, 0, 1, 0, 0.9953442, 0, -0.0963842, -43.32649, 0, -32.522682)

[node name="buisson10" parent="." unique_id=1302775760 instance=ExtResource("4_ja24g")]
transform = Transform3D(-0.034411117, 0, 0.99940777, 0, 1, 0, -0.99940777, 0, -0.034411117, -43.511112, 0, -20.541222)

[node name="buisson8" parent="." unique_id=433379500 instance=ExtResource("5_c0xvo")]
transform = Transform3D(-0.12983406, 0, -0.9915357, 0, 1, 0, 0.9915357, 0, -0.12983406, -43.65358, 0, -12.8464775)

[node name="flower" parent="." unique_id=134487398 instance=ExtResource("6_c0xvo")]
transform = Transform3D(-0.9869993, 0, 0.16072538, 0, 1, 0, -0.16072538, 0, -0.9869993, -42.8351, 0, 9.800201)

[node name="flower2" parent="." unique_id=1292971406 instance=ExtResource("6_c0xvo")]
transform = Transform3D(-0.96820456, 0, -0.25016034, 0, 1, 0, 0.25016034, 0, -0.96820456, -42.176586, 0, 26.747536)

[node name="flower3" parent="." unique_id=888834136 instance=ExtResource("6_c0xvo")]
transform = Transform3D(-0.98573005, 0, 0.16833457, 0, 1, 0, -0.16833457, 0, -0.98573005, -43.308212, 0, -8.556816)

[node name="flower4" parent="." unique_id=359266135 instance=ExtResource("6_c0xvo")]
transform = Transform3D(-0.9839163, 0, -0.17863047, 0, 1, 0, 0.17863047, 0, -0.9839163, -43.308212, 0, -26.996094)

[node name="flower6" parent="." unique_id=2116159153 instance=ExtResource("6_c0xvo")]
transform = Transform3D(-0.9557725, 0, 0.2941071, 0, 1, 0, -0.2941071, 0, -0.9557725, -42.755898, 0, -20.489872)

[node name="flower7" parent="." unique_id=281826409 instance=ExtResource("6_c0xvo")]
transform = Transform3D(-0.9997729, 0, -0.02130881, 0, 1, 0, 0.02130881, 0, -0.9997729, -41.921562, 0, 4.93919)

[node name="flower8" parent="." unique_id=1016258237 instance=ExtResource("6_c0xvo")]
transform = Transform3D(-0.97372216, 0, 0.22773914, 0, 1, 0, -0.22773914, 0, -0.97372216, -42.399902, 9.536743e-07, 36.472176)

[node name="flower5" parent="." unique_id=674918251 instance=ExtResource("6_c0xvo")]
transform = Transform3D(-0.9587504, 0, 0.28424963, 0, 1, 0, -0.28424963, 0, -0.9587504, -41.8789, 0, 48.494865)

[node name="flower9" parent="." unique_id=1607266066 instance=ExtResource("7_jnurr")]
transform = Transform3D(-0.9999491, 0, 0.010087946, 0, 1, 0, -0.010087946, 0, -0.9999491, -39.654896, 0, 31.912071)

[node name="flower10" parent="." unique_id=2070525177 instance=ExtResource("7_jnurr")]
transform = Transform3D(-0.9969448, 0, -0.07811099, 0, 1, 0, 0.07811099, 0, -0.9969448, -41.10766, 0, 44.43651)

[node name="flower11" parent="." unique_id=1615878046 instance=ExtResource("7_jnurr")]
transform = Transform3D(-0.99922293, 0, 0.039416894, 0, 1, 0, -0.039416894, 0, -0.99922293, -41.10766, 0, 40.842133)

[node name="flower12" parent="." unique_id=1861914317 instance=ExtResource("7_jnurr")]
transform = Transform3D(-0.98695713, 0, 0.16098386, 0, 1, 0, -0.16098386, 0, -0.98695713, -41.10766, 0, 18.106825)

[node name="arbre37" parent="." unique_id=1846672985 instance=ExtResource("1_yj3w5")]
transform = Transform3D(0.8401031, 0, -0.5424268, 0, 1, 0, 0.5424268, 0, 0.8401031, -47.14843, 0, -49.229218)

[node name="arbre38" parent="." unique_id=1316072828 instance=ExtResource("2_4qdap")]
transform = Transform3D(0.84380376, 0, 0.53665185, 0, 1, 0, -0.53665185, 0, 0.84380376, -45.97491, 1.9073486e-06, -52.858597)

[node name="arbre39" parent="." unique_id=93222604 instance=ExtResource("3_ja24g")]
transform = Transform3D(0.93333626, 0, -0.35900337, 0, 1, 0, 0.35900337, 0, 0.93333626, -48.29715, 0, -55.143196)

[node name="arbre40" parent="." unique_id=1043597086 instance=ExtResource("1_yj3w5")]
transform = Transform3D(-0.9426298, 0, -0.3338398, 0, 1, 0, 0.3338398, 0, -0.9426298, -47.457775, 0, -46.120197)

[node name="arbre41" parent="." unique_id=1262465431 instance=ExtResource("2_4qdap")]
transform = Transform3D(-0.9426298, 0, -0.3338398, 0, 1, 0, 0.3338398, 0, -0.9426298, -47.579052, 1.9073486e-06, -42.307743)

[node name="arbre42" parent="." unique_id=902462257 instance=ExtResource("3_ja24g")]
transform = Transform3D(-0.94262975, 0, -0.33384, 0, 1, 0, 0.33384, 0, -0.94262975, -44.714447, 0, -40.756535)

[node name="arbre43" parent="." unique_id=2136718008 instance=ExtResource("2_4qdap")]
transform = Transform3D(-0.88567734, 0, -0.4643012, 0, 1, 0, 0.4643012, 0, -0.88567734, -47.887886, 1.9073486e-06, -59.33986)

[node name="arbre44" parent="." unique_id=485576519 instance=ExtResource("3_ja24g")]
transform = Transform3D(-0.9000907, 0, 0.43570256, 0, 1, 0, -0.43570256, 0, -0.9000907, -45.764572, 0, -56.869278)

[node name="arbre45" parent="." unique_id=957710846 instance=ExtResource("2_4qdap")]
transform = Transform3D(0.9515246, 0, 0.30757266, 0, 1, 0, -0.30757266, 0, 0.9515246, -46.624317, 1.9073486e-06, -35.56444)

[node name="arbre46" parent="." unique_id=2022541873 instance=ExtResource("3_ja24g")]
transform = Transform3D(0.95152456, 0, 0.3075727, 0, 1, 0, -0.3075727, 0, 0.95152456, -47.798855, 0, -37.19449)

[node name="arbre47" parent="." unique_id=816730743 instance=ExtResource("1_yj3w5")]
transform = Transform3D(-1.0475138, 0, 0.45596018, 0, 1, 0, -0.6763453, 0, -0.7061846, -52.098988, 0, -20.105545)

[node name="arbre48" parent="." unique_id=1186664060 instance=ExtResource("2_4qdap")]
transform = Transform3D(-1.053046, 0, -0.6212871, 0, 1, 0, 0.669728, 0, -0.9768801, -53.61738, 1.9073486e-06, -16.476164)

[node name="arbre49" parent="." unique_id=1163546247 instance=ExtResource("3_ja24g")]
transform = Transform3D(-1.189338, 0, 0.3211275, 0, 1, 0, -0.45747328, 0, -0.83486646, -50.612686, 0, -14.191563)

[node name="arbre50" parent="." unique_id=1814825608 instance=ExtResource("1_yj3w5")]
transform = Transform3D(1.203755, 0, 0.36659202, 0, 1, 0, -0.42631924, 0, 1.0351093, -51.69873, 0, -23.21456)

[node name="arbre51" parent="." unique_id=972301136 instance=ExtResource("2_4qdap")]
transform = Transform3D(1.203755, 0, 0.36659202, 0, 1, 0, -0.42631924, 0, 1.0351093, -51.541813, 1.9073486e-06, -27.027018)

[node name="arbre52" parent="." unique_id=912883878 instance=ExtResource("3_ja24g")]
transform = Transform3D(1.203755, 0, 0.36659232, 0, 1, 0, -0.42631954, 0, 1.0351093, -55.24826, 0, -28.578226)

[node name="arbre53" parent="." unique_id=245072656 instance=ExtResource("1_yj3w5")]
transform = Transform3D(0.9761386, 0, -0.5010959, 0, 1, 0, 0.7528145, 0, 0.6497472, -53.047516, 0, -6.4762096)

[node name="arbre54" parent="." unique_id=1628399013 instance=ExtResource("2_4qdap")]
transform = Transform3D(1.1162021, 0, 0.5276538, 0, 1, 0, -0.58514965, 0, 1.006526, -51.142223, 1.9073486e-06, -9.994894)

[node name="arbre55" parent="." unique_id=288820446 instance=ExtResource("3_ja24g")]
transform = Transform3D(1.1381795, 0, -0.37991387, 0, 1, 0, 0.5509532, 0, 0.7848401, -53.88953, 0, -12.465472)

[node name="arbre56" parent="." unique_id=612338250 instance=ExtResource("1_yj3w5")]
transform = Transform3D(-1.2421452, 0, -0.2728949, 0, 1, 0, 0.32612547, 0, -1.0394008, -52.716022, 0, -3.403893)

[node name="arbre57" parent="." unique_id=428748675 instance=ExtResource("2_4qdap")]
transform = Transform3D(-1.2421452, 0, -0.27289498, 0, 1, 0, 0.32612556, 0, -1.0394008, -53.284393, 1.9073486e-06, 0.38511407)

[node name="arbre58" parent="." unique_id=1803965753 instance=ExtResource("3_ja24g")]
transform = Transform3D(-1.2421452, 0, -0.27289498, 0, 1, 0, 0.32612556, 0, -1.0394008, -50.824863, 0, 2.1701581)

[node name="arbre59" parent="." unique_id=1925077692 instance=ExtResource("1_yj3w5")]
transform = Transform3D(0.883413, 0, -0.5862686, 0, 1, 0, 0.87353885, 0, 0.5928954, -52.409134, 0, -40.671215)

[node name="arbre60" parent="." unique_id=1099569040 instance=ExtResource("2_4qdap")]
transform = Transform3D(1.0748843, 0, 0.59040076, 0, 1, 0, -0.6424647, 0, 0.98777807, -52.453465, 1.9073486e-06, -44.27263)

[node name="arbre61" parent="." unique_id=24137580 instance=ExtResource("3_ja24g")]
transform = Transform3D(1.1733972, 0, -0.3412439, 0, 1, 0, 0.48911119, 0, 0.81865764, -55.375034, 0, -46.62075)

[node name="arbre62" parent="." unique_id=1283356518 instance=ExtResource("1_yj3w5")]
transform = Transform3D(-1.2681742, 0, -0.14558777, 0, 1, 0, 0.17085545, 0, -1.0806254, -53.4636, 0, -37.7123)

[node name="arbre63" parent="." unique_id=420846469 instance=ExtResource("2_4qdap")]
transform = Transform3D(-1.2681742, 0, -0.14558797, 0, 1, 0, 0.17085548, 0, -1.0806257, -54.429447, 1.9073486e-06, -34.01752)

[node name="arbre64" parent="." unique_id=1149588162 instance=ExtResource("3_ja24g")]
transform = Transform3D(-1.2681743, 0, -0.14558794, 0, 1, 0, 0.1708555, 0, -1.0806257, -51.127983, 0, -31.764683)

[node name="arbre65" parent="." unique_id=311197136 instance=ExtResource("1_yj3w5")]
transform = Transform3D(-0.95096374, 0, 0.5148831, 0, 1, 0, -0.77638894, 0, -0.6306571, -52.664314, 0, -54.280952)

[node name="arbre66" parent="." unique_id=1635866984 instance=ExtResource("2_4qdap")]
transform = Transform3D(-1.1353077, 0, -0.49634466, 0, 1, 0, 0.55559176, 0, -1.0142406, -52.814037, 1.9073486e-06, -50.80445)

[node name="arbre67" parent="." unique_id=302700349 instance=ExtResource("3_ja24g")]
transform = Transform3D(-1.1192222, 0, 0.39817607, 0, 1, 0, -0.5806209, 0, -0.76753616, -52.037518, 0, -48.275948)

[node name="arbre68" parent="." unique_id=1992990486 instance=ExtResource("1_yj3w5")]
transform = Transform3D(1.2526197, 0, 0.24217184, 0, 1, 0, -0.29200077, 0, 1.0388643, -51.81953, 0, -57.336338)

[node name="arbre69" parent="." unique_id=159363669 instance=ExtResource("2_4qdap")]
transform = Transform3D(1.2526197, 0, 0.24217184, 0, 1, 0, -0.29200077, 0, 1.0388643, -51.115437, 1.9073486e-06, -61.11171)

[node name="arbre70" parent="." unique_id=1655522296 instance=ExtResource("3_ja24g")]
transform = Transform3D(1.2526197, 0, 0.24217184, 0, 1, 0, -0.29200077, 0, 1.0388643, -54.5759, 0, -62.971626)

[node name="arbre71" parent="." unique_id=1941440430 instance=ExtResource("1_yj3w5")]
transform = Transform3D(-0.95951843, 0, 0.5103058, 0, 1, 0, -0.7685542, 0, -0.63710254, -51.849396, 0, 12.621271)

[node name="arbre72" parent="." unique_id=1626049923 instance=ExtResource("2_4qdap")]
transform = Transform3D(-1.1289816, 0, -0.50689507, 0, 1, 0, 0.56562304, 0, -1.0117604, -53.83812, 1.9073486e-06, 16.112282)

[node name="arbre73" parent="." unique_id=1182650746 instance=ExtResource("3_ja24g")]
transform = Transform3D(-1.1257117, 0, 0.3920959, 0, 1, 0, -0.57071084, 0, -0.7733985, -50.063457, 0, 17.139746)

[node name="arbre74" parent="." unique_id=170353002 instance=ExtResource("1_yj3w5")]
transform = Transform3D(1.2492212, 0, 0.252492, 0, 1, 0, -0.30353445, 0, 1.0391519, -51.041557, 0, 9.559931)

[node name="arbre75" parent="." unique_id=164758984 instance=ExtResource("2_4qdap")]
transform = Transform3D(1.2492212, 0, 0.252492, 0, 1, 0, -0.30353445, 0, 1.0391519, -50.383114, 1.9073486e-06, 5.779642)

[node name="arbre76" parent="." unique_id=568126149 instance=ExtResource("3_ja24g")]
transform = Transform3D(1.2492212, 0, 0.252492, 0, 1, 0, -0.30353445, 0, 1.0391519, -53.865894, 0, 3.9447744)

[node name="arbre77" parent="." unique_id=1267074655 instance=ExtResource("1_yj3w5")]
transform = Transform3D(0.8802602, 0, -0.5489928, 0, 0.99999994, 0, 0.834898, 0, 0.57882106, -53.002533, 0, 26.105099)

[node name="arbre78" parent="." unique_id=881532187 instance=ExtResource("2_4qdap")]
transform = Transform3D(1.1816331, 0, 0.4122925, 0, 0.99999994, 0, -0.47309807, 0, 1.0297623, -52.229843, 1.9073486e-06, 22.754662)

[node name="arbre79" parent="." unique_id=177809462 instance=ExtResource("3_ja24g")]
transform = Transform3D(1.0638869, 0, -0.44406945, 0, 1, 0, 0.65642893, 0, 0.71971184, -54.637325, 0, 20.0807)

[node name="arbre80" parent="." unique_id=1932676623 instance=ExtResource("1_yj3w5")]
transform = Transform3D(-1.2749482, 0, -0.16110496, 0, 1, 0, 0.19887654, 0, -1.032804, -54.138374, 0, 29.103603)

[node name="arbre81" parent="." unique_id=41043166 instance=ExtResource("2_4qdap")]
transform = Transform3D(-1.2749482, 0, -0.1611051, 0, 1, 0, 0.19887671, 0, -1.032804, -55.203045, 1.9073486e-06, 32.82818)

[node name="arbre82" parent="." unique_id=1219213003 instance=ExtResource("3_ja24g")]
transform = Transform3D(-1.2749482, 0, -0.16110507, 0, 1, 0, 0.19887668, 0, -1.032804, -51.930717, 0, 34.881447)

[node name="arbre83" parent="." unique_id=196823892 instance=ExtResource("1_yj3w5")]
transform = Transform3D(-1.0475138, 0, 0.45596018, 0, 1, 0, -0.6763453, 0, -0.7061846, -52.09899, 0, 47.579865)

[node name="arbre84" parent="." unique_id=1227327427 instance=ExtResource("2_4qdap")]
transform = Transform3D(-1.053046, 0, -0.6212871, 0, 1, 0, 0.669728, 0, -0.9768801, -53.617382, 1.9073486e-06, 51.209244)

[node name="arbre85" parent="." unique_id=1446110014 instance=ExtResource("3_ja24g")]
transform = Transform3D(-1.189338, 0, 0.3211275, 0, 1, 0, -0.45747328, 0, -0.83486646, -50.61269, 0, 53.493843)

[node name="arbre86" parent="." unique_id=854910970 instance=ExtResource("1_yj3w5")]
transform = Transform3D(1.203755, 0, 0.36659202, 0, 1, 0, -0.42631924, 0, 1.0351093, -51.69874, 0, 44.470844)

[node name="arbre87" parent="." unique_id=1351994299 instance=ExtResource("2_4qdap")]
transform = Transform3D(1.203755, 0, 0.36659202, 0, 1, 0, -0.42631924, 0, 1.0351093, -51.54182, 1.9073486e-06, 40.65839)

[node name="arbre88" parent="." unique_id=1970888041 instance=ExtResource("3_ja24g")]
transform = Transform3D(1.203755, 0, 0.36659232, 0, 1, 0, -0.42631954, 0, 1.0351093, -55.24827, 0, 39.10718)

[node name="arbre89" parent="." unique_id=374575884 instance=ExtResource("2_4qdap")]
transform = Transform3D(1.1162021, 0, 0.5276538, 0, 1, 0, -0.58514965, 0, 1.006526, -51.142227, 1.9073486e-06, 57.690506)

[node name="arbre90" parent="." unique_id=1566622533 instance=ExtResource("3_ja24g")]
transform = Transform3D(1.1381795, 0, -0.37991387, 0, 1, 0, 0.5509532, 0, 0.7848401, -53.889534, 0, 55.219925)

[node name="arbre91" parent="." unique_id=1484110298 instance=ExtResource("2_4qdap")]
transform = Transform3D(-1.2176011, 0, -0.33537373, 0, 1, 0, 0.39357963, 0, -1.0375317, -49.48077, 1.9073486e-06, 36.109196)

[node name="arbre92" parent="." unique_id=50402742 instance=ExtResource("3_ja24g")]
transform = Transform3D(-1.2176012, 0, -0.33537373, 0, 1, 0, 0.3935797, 0, -1.0375317, -50.58529, 0, 31.339775)

[node name="buisson11" parent="." unique_id=1974017019 instance=ExtResource("4_ja24g")]
transform = Transform3D(-0.1466011, 0, 0.9891957, 0, 1, 0, -0.9891957, 0, -0.1466011, -42.491623, 0, -46.053333)

[node name="buisson12" parent="." unique_id=1719973948 instance=ExtResource("5_c0xvo")]
transform = Transform3D(0.020680698, 0, -0.99978614, 0, 1, 0, 0.99978614, 0, 0.020680698, -43.097652, 0, -53.043053)

[node name="flower17" parent="." unique_id=2000433282 instance=ExtResource("6_c0xvo")]
transform = Transform3D(-0.9869993, 0, 0.16072538, 0, 1, 0, -0.16072538, 0, -0.9869993, -42.8351, 0, -57.88521)

[node name="flower18" parent="." unique_id=509961378 instance=ExtResource("6_c0xvo")]
transform = Transform3D(-0.96820456, 0, -0.25016034, 0, 1, 0, 0.25016034, 0, -0.96820456, -42.176586, 0, -40.93787)

[node name="flower19" parent="." unique_id=1959286393 instance=ExtResource("7_jnurr")]
transform = Transform3D(-0.98695713, 0, 0.16098386, 0, 1, 0, -0.16098386, 0, -0.98695713, -41.10766, 0, -49.57858)

[node name="flower13" parent="." unique_id=38589651 instance=ExtResource("7_jnurr")]
transform = Transform3D(-0.9817536, 0, -0.19015779, 0, 1, 0, 0.19015779, 0, -0.9817536, -41.10766, 0, -1.9787006)

[node name="flower14" parent="." unique_id=693736045 instance=ExtResource("7_jnurr")]
transform = Transform3D(-0.9817536, 0, -0.19015779, 0, 1, 0, 0.19015779, 0, -0.9817536, -42.722637, 0, -16.879662)

[node name="flower15" parent="." unique_id=1461193652 instance=ExtResource("7_jnurr")]
transform = Transform3D(-0.8628933, 0, -0.5053862, 0, 1, 0, 0.5053862, 0, -0.8628933, -41.332745, 9.536743e-07, 55.442524)

[node name="flower16" parent="." unique_id=1403667187 instance=ExtResource("7_jnurr")]
transform = Transform3D(-0.884467, 0, -0.46660256, 0, 1, 0, 0.46660256, 0, -0.884467, -42.92839, 9.536743e-07, 53.06501)
